3000
85
363
558
355
497
1845
406
421
466
369
443
359
421
440
1724
596
429
590
428
391
590
440
576
438
572
394
531
385
356
410
482
576
350
487
461
500
589
423
508
416
495
564
446
407
432
432
425
403
541
437
528
430
539
378
437
381
433
437
541
444
448
408
432
370
436
493
406
427
434
557
476
407
410
389
433
553
576
454
547
438
560
470
487
422
475
366
479
435
422
536
399
876
430
454
400
440
368
377
479
375
422
413
356
403
400
450
513
400
410
549
406
1865
895
428
408
433
558
431
588
416
480
596
351
579
1098
445
444
1327
551
430
402
441
477
585
437
429
486
403
390
450
433
1610
415
1259
531
410
416
449
443
362
402
382
487
433
436
407
466
515
416
467
565
388
644
479
450
360
432
415
497
357
389
481
474
492
1560
423
381
494
450
484
439
394
543
386
540
490
430
465
403
394
431
378
423
439
485
424
498
360
598
569
411
423
385
485
423
549
424
378
371
444
375
366
407
401
423
469
358
437
485
382
1524
430
460
490
414
415
364
376
432
372
1397
417
413
437
412
1260
387
375
449
356
457
479
430
498
480
370
353
407
428
461
406
380
445
472
411
464
352
395
581
430
600
402
401
1920
418
501
478
375
449
1750
470
431
541
414
437
414
372
386
404
377
447
435
423
435
598
401
560
455
553
391
446
458
485
406
438
1879
471
599
432
440
412
404
448
353
705
423
478
432
549
362
595
445
440
432
402
465
411
453
519
376
406
447
483
440
409
422
479
591
391
406
448
367
1160
448
462
1225
450
436
366
425
465
367
435
526
552
469
415
379
368
566
437
429
379
387
585
563
456
1629
368
459
461
359
427
474
1406
463
596
413
522
417
409
363
547
514
482
769
486
414
454
398
441
454
515
510
402
570
482
718
398
373
478
410
435
377
402
413
354
420
468
431
364
361
438
545
419
497
485
369
417
412
472
490
497
361
534
377
351
377
436
417
585
410
439
466
406
394
478
375
383
1344
531
390
474
401
385
497
1816
458
500
442
458
415
476
477
493
1294
480
449
435
449
432
474
489
559
388
581
1744
440
372
375
427
388
368
1258
421
489
416
551
422
452
400
416
409
1157
391
362
395
490
449
560
416
377
437
481
491
434
434
493
410
492
434
451
448
463
416
594
398
444
419
366
447